*Road
-200 1000 -520 380 1000 -520 380 2100 -520 -200 2100 -520
-200 1000 -500 -200 2100 -500 380 2100 -500 380 1000 -500
-200 1000 -520 -200 1000 -500 380 1000 -500 380 1000 -520
-200 2100 -520 380 2100 -520 380 2100 -500 -200 2100 -500
-200 1000 -520 -200 2100 -520 -200 2100 -500 -200 1000 -500
380 1000 -520 380 1000 -500 380 2100 -500 380 2100 -520
*Right front
500 1100 -600 1000 1100 -600 1000 1500 -600 500 1500 -600
500 1100 -100 500 1500 -100 1000 1500 -100 1000 1100 -100
500 1100 -600 500 1100 -100 1000 1100 -100 1000 1100 -600
500 1500 -600 1000 1500 -600 1000 1500 -100 500 1500 -100
500 1100 -600 500 1500 -600 500 1500 -100 500 1100 -100
1000 1100 -600 1000 1100 -100 1000 1500 -100 1000 1500 -600
*Right back
600 1700 -600 1100 1700 -600 1100 2200 -600 600 2200 -600
600 1700 300 600 2200 300 1100 2200 300 1100 1700 300
600 1700 -600 600 1700 300 1100 1700 300 1100 1700 -600
600 2200 -600 1100 2200 -600 1100 2200 300 600 2200 300
600 1700 -600 600 2200 -600 600 2200 300 600 1700 300
1100 1700 -600 1100 1700 300 1100 2200 300 1100 2200 -600
*Left front
-800 1300 -600 -400 1300 -600 -400 1900 -600 -800 1900 -600
-800 1300 -200 -800 1900 -200 -400 1900 -200 -400 1300 -200
-800 1300 -600 -800 1300 -200 -400 1300 -200 -400 1300 -600
-800 1900 -600 -400 1900 -600 -400 1900 -200 -800 1900 -200
-800 1300 -600 -800 1900 -600 -800 1900 -200 -800 1300 -200
-400 1300 -600 -400 1300 -200 -400 1900 -200 -400 1900 -600
*Left back
-900 2100 -600 -300 2100 -600 -300 2500 -600 -900 2500 -600
-900 2100 500 -900 2500 500 -300 2500 500 -300 2100 500
-900 2100 -600 -900 2100 500 -300 2100 500 -300 2100 -600
-900 2500 -600 -300 2500 -600 -300 2500 500 -900 2500 500
-900 2100 -600 -900 2500 -600 -900 2500 500 -900 2100 500
-300 2100 -600 -300 2100 500 -300 2500 500 -300 2500 -600